2033.061
2027.639
2023.452
2055.103
2086.017
2120.45
2132.598
2134.981
2105.562
2098.38
2120.044
2102.251
2184.872
2251.507
2338.514
2383.291
2415.66
2457.517
2508.166
2513.69
2540.55
2546.022
2564.401
2648.621
2697.855
2718.709
2703.411
2662.482
2649.755
2652.643
2682.601
2735.091
2813.212
2858.988
2897.598
2914.993
2903.671
2927.665
2925.035
2973.179
2992.219
2985.663
3014.919
2983.727
2906.274
2925.379
2993.068
3063.085
3121.936
3192.38
3194.653
3203.759
3275.757
3258.088
3274.029
3232.009
3253.826
3309.059
3372.581
3438.721
3500.054
3531.683
3575.07
3586.827
3625.981
3666.669
3747.278
3771.845
3851.366
3893.296
3954.121
3966.335
4062.311
4113.629
4205.086
4301.973
4406.693
4421.747
4459.195
4495.777
4535.591
4538.37
4581.309
4615.853
4709.993
4788.688
4825.799
4844.779
4920.605
4935.564
4968.164
4943.935
4936.594
4943.6
4989.159
4935.693
5069.746
5097.179
5139.128
5151.245
5245.974
5365.045
5415.712
5506.396
5642.669
5704.098
5674.1
5727.96
5678.713
5692.21
5638.411
5616.526
5548.156
5587.8
5683.444
5759.972
5889.5
5932.711
5965.265
6008.504
6079.494
6197.686
6309.514
6309.652
6329.791
6574.39
6640.497
6729.755
6741.854
6749.063
6799.2
6816.203
6837.641
6696.753
6688.794
6813.535
6947.042
6895.559
6978.135
6902.105
6794.878
6825.876
6799.781
6802.497
6892.144
7048.982
7189.896
7339.893
7483.371
7612.668
7686.059
7749.151
7824.247
7893.136
8013.674
8073.239
8148.603
8185.303
8263.639
8308.021
8369.93
8460.233
8533.635
8680.162
8725.006
8839.641
8891.435
9009.913
9101.508
9170.977
9238.923
9257.128
9358.289
9392.251
9398.499
9312.937
9269.367
9341.642
9388.845
9421.565
9534.346
9637.732
9732.979
9834.51
9850.973
9908.347
9955.641
10091.049
10188.954
10327.019
10387.382
10506.372
10543.644
10575.1
10665.06
10737.478
10817.896
10998.322
11096.976
11212.205
11284.587
11472.137
11615.636
11715.393
11832.486
11942.032
12091.614
12287
12403.293
12498.694
12662.385
12877.593
12924.179
13160.842
13178.419
13260.506
13222.69
13299.984
13244.784
13280.859
13397.002
13478.152
13538.072
13559.032
13634.253
13751.543
13985.073
14145.645
14221.147
14329.523
14464.984
14609.876
14771.602
14839.782
14972.054
15066.597
15267.026
15302.705
15326.368
15456.928
15493.328
15582.085
15666.738
15761.967
15671.383
15752.308
15667.032
15328.027
15155.94
15134.117
15189.222
15356.058
15415.145
15557.277
15671.967
15750.625
15712.754
15825.096
15820.7
16004.107
16129.418
16198.807
16220.667
16239.138
16382.964
16403.18
16531.685
16663.649
16616.54
16841.475
17047.098
17143.038
17277.58
17405.669
17463.222
17468.902
17556.839
17639.417
17735.074
17824.231
17925.256
18021.048
18163.558
18322.464
18438.254
18598.135
18732.72
18783.548
18927.281
19023.82
