-0.5
-0.15
-0.67
0
-0.36
1.58
-0.16
0.04
2.16
1.37
-0.82
0.82
0.46
0.39
0.94
0.42
0.31
0.2
0.66
0.87
1.24
0.2
0.5
0.9
0.82
0.09
0.08
0.74
0.3
0.7
-0.34
0.34
-1.16
-0.28
-2.04
-0.27
-0.76
-1.23
-0.76
-0.58
-0.04
-1.01
-1.03
-2.66
-1.55
2.31
0.7
-0.15
-0.19
0.68
0.68
0.36
-0.15
-0.22
1.5
0.62
0.88
1.33
2.25
0.73
1.5
1.19
0.78
0.88
-0.11
2.25
1.15
2.17
2.01
1.87
1.62
2.04
0.82
0.17
0.73
0.45
0.6
-0.31
0.99
1.55
1.25
-0.48
-0.41
-0.36
0.08
-0.53
0.76
-0.37
-0.47
-1.15
-1.2
-1.57
-3.91
-5.28
-3.18
-3.37
-3.02
-0.7
-0.32
-0.04
0.99
1.17
0.81
0.6
0.21
1.28
2.29
1.39
0.57
0.63
0.35
0.11
0.51
0.45
0.49
-0.46
1.45
1.51
0.01
1.58
1.81
1.1
1.15
1.15
0.63
0.49
0.88
0.66
0.87
1.34
-1.49
1.4
2.09
2.73
0.64
1.41
-0.04
1.11
0.48
1.19
1.23
0.83
-0.45
0.36
1.45
-1.99
1.72
0.03
-0.21
-0.84
0.04
0.01
-0.47
-0.18
0.08
-0.73
-1.54
-3.54
-3.67
-2.04
-1.23
0.53
1.41
1.63
1.05
0.46
-0.38
-0.62
-0.01
0.06
-0.1
-0.48
0.09
-0.68
-1.53
-1.82
-2.12
-2.53
-2.77
0.94
-1.64
-1.75
-1.02
-1.88
-1.33
-1.74
-1.19
-2.03
-1.07
-0.8
1.64
-0.74
0.95
1.04
1.37
1.69
1.84
0.35
2.79
1.49
1.23
1.5
2.02
1.27
0.76
0.97
0.95
0.98
0.28
0.05
0.09
0.24
0.73
0.15
-0.17
-0.05
0.6
-0.45
0.53
-0.65
-0.41
0.75
0.36
-0.44
0.48
0.42
0.8
-0.82
-0.3
0.58
-0.17
-0.29
0.53
0.09
0.79
-0.2
0.13
1.16
-0.98
1.93
0.25
0.49
0.73
0.36
1.02
0.53
0.66
1.27
0.47
0.77
-0.19
0.85
0.56
0.53
-0.04
0.76
0.05
-0.01
0.21
0.7
0.38
0.84
0.46
-0.52
-0.17
0.13
-0.9
-0.26
-1.18
0.66
-0.7
-0.55
0.24
-0.08
-0.29
0.84
0.2
-0.99
-0.14
-0.17
-0.92
-0.54
-1.14
-1.58
-2.1
-1.43
-1.63
-1.6
-1.5
-0.22
-0.29
0.09
-0.1
-0.48
0.4
-0.69
-0.66
-1.12
-0.37
0.03
0.56
0.31
-0.09
-0.07
0.47
-0.77
-0.07
0.35
0.16
0.53
0.39
0.29
-0.71
0.35
-0.08
-0.03
0.05
-0.01
0.49
0.55
0.46
0.75
0.14
0.23
1.41
0.49
0.78
0.64
0.2
1.1
0.38
0.92
0.84
0.95
0.24
-0.29
-0.09
-0.69
-0.22
0.3
-0.8
0.99
0.23
-0.38
-0.09
0.06
-1.31
1.14
-0.21
0.56
0.6
0.65
0
0.37
0.41
0.04
0.66
0.13
0.29
1.11
0.48
0.19
0.41
0.53
0.88
0.46
0.89
0.71
0.98
0.09
0.49
0.42
-0.01
0.39
0.42
-0.68
-0.72
1.59
-0.1
0.4
0.11
0.32
0.16
0.69
-0.17
0.07
0.76
-0.17
0.31
0.45
-0.29
1.23
0.53
0.85
0.44
-0.33
0.68
0.76
-0.72
0.17
-0.37
-0.66
0.44
-0.72
-0.49
-0.44
-1.19
-0.94
-1.09
-1.48
-0.88
-1.53
-0.92
-0.95
-1.56
-1.06
-1.31
-0.57
-0.32
-0.28
-0.13
-0.03
0.03
0.4
-0.65
-0.18
-0.44
-0.63
-0.02
-0.99
0.52
-0.75
-0.49
-1.1
-0.13
0
0.01
-0.3
0.43
0.2
0.69
-0.03
0.15
0.55
0.58
0.29
0.85
-0.43
0.64
0.34
0.15
0.78
-0.08
0.99
0.35
0.58
-0.39
0.79
0.01
0.46
-0.06
0.34
-0.88
0.98
0.94
0.47
0.72
0.11
0.34
-0.06
-0.15
0.06
-0.43
0.26
-0.08
-0.42
-0.23
1.02
-0.77
0.26
0.39
-0.23
-0.01
-0.14
-0.6
-0.29
-0.06
-0.6
-0.07
-0.69
-0.52
-1.18
-1.23
-1.24
-1.35
-1.24
-1.95
-2.04
-3.74
-1.93
-3.65
-4.38
-4.75
-2.39
-3.76
-2.69
-2.04
-1.69
-0.1
-0.31
-0.53
-0.66
-0.04
-0.71
0.25
-0.66
0.55
0.6
0.51
-0.28
0.18
-0.32
-0.35
-0.15
-0.43
0.16
0
-0.43
0.52
-0.63
-0.41
-0.07
0.26
-0.11
-0.28
0.2
-0.5
0.42
0.59
-0.01
-0.47
0.04
-0.33
-0.51
-0.37
-0.65
-0.07
-0.38
0.33
0.26
-0.45
0.34
-0.36
-0.5
0.14
-0.17
-0.83
0.53
0.14
-0.08
0.47
-0.17
-0.95
0.62
0.61
0.07
0.17
0.28
0.38
-0.24
0.07
0.13
0.39
0.01
-0.24
-0.66
-0.08
-0.04
-0.34
-0.23
0.47
-0.46
-0.36
-0.23
-0.58
-0.42
0.24
-0.54
-0.46
-0.26
-0.5
0.15
0.18
-0.41
-0.01
-0.09
-0.16
0.6
-0.03
-0.23
0.17
0.47
-0.09
0.19
-0.12
-0.11
0.16
0.85
0.34
0.17
-0.27
0.68
0.31
0.42
-0.41
0.44
0.27
0.49
0.1
-0.01
0.25
-0.01
-0.13
-0.63
-0.05
-0.73
-0.03
-0.02
