-1.0457877138628
2.26745042381948
2.35256366609998
-0.0608957772915635
-3.69048732218038
6.31341617093159
-7.0043452680113
-13.3969387545871
1.48505180222535
5.24450624108534
6.66750160404129
7.98204577438006
-2.97095701018134
-2.65148160979411
-5.93572470068288
14.250024121935
0.277635696509895
-17.5037323287797
2.34219906878999
-10.4430973593184
-5.21908412207297
-0.883980068150878
-6.90969600232591
-1.07767786068665
1.20726332765733
-10.9829059717145
6.63496123787509
0.32761804128557
-1.72140828296877
0.107710137371157
15.6065498120154
-1.39316847033605
4.23911822643595
2.53549278653274
-6.08849444666096
-1.79308169636751
-6.04202116731979
3.78802054782173
7.34989225899221
-7.23099722337363
-1.70975293668697
-0.799352249404821
-4.24367177927058
1.86234771632495
-2.4411814625263
-5.10832012420829
-7.3604310855542
-6.26655229787194
8.2022339180588
-7.43634046477797
4.12515039198169
-1.69140450580199
-0.229151003857027
4.02144247142807
2.46018534999773
3.01703209360149
0.276226642212494
4.15520373694548
-1.35366306099232
0.136311131122492
4.73615744495434
-7.28480844195734
-4.52344939627337
13.7083085576727
2.32722318600073
7.81143031164387
7.36705354515169
-7.56189454306863
7.06012347715335
11.8697116477407
6.31522894292747
-11.5141340182582
4.8395873837212
2.79271422625062
-3.83216681915503
-1.86195995780482
-0.377424497939753
-3.63712594394469
4.61984254153412
-5.55274990846906
-8.29729489788503
10.4924578942698
-0.639872183204175
-3.19018320987318
0.593985157304478
4.35293865837114
12.2821969502719
4.50001661975297
-0.101812655698521
4.89650557304053
8.50058354963419
1.63343845235325
9.86443486553893
-11.3781172801152
6.12611199504689
7.36997850292347
18.3582921851524
0.879275661447493
-5.90874635390799
-5.7178549697844
